0101600002826000097
0108500000426002866
0109200002726000008
0111300063226000167
0111300063226000168
0115100002826000027
0116300000126000579
0118100008226000022
0119200000126008765
0121400000226000016
0123200000326000847
0124200000626003270
0124200000626003271
0124200000626003272
0127200000226002981
0128200000126002844
0128200000126002859
0130600041626000029
0131200001026002765
0131300000626000649
0131300045226000143
0132300001726000282
0132300026726000016
0133200001726001418
0134300097526000302
0135300006426000071
0136600002626000079
0137600009126000065
0141100000526000052
0142200001326010890
0142200001326010904
0142200001326010913
0142200001326010914
0142200001326010915
0142200001326010916
0142200001326010917
0142200001326010918
0142200001326010919
0143100005826000014
0148300000626000620
0148300000626000621
0148300000626000622
0149200002326002528
0150100005226000043
0157200000326000534
0157600002026000041
0158200001326000734
0160400000326000028
0162300005326000926
0162300005326000933
0163200000326002634
0163300000326000042
0163600005526000188
0165300003126000071
0167200003426004117
0167200003426004118
0169300000326001136
0171200001926001940
0172300006826000021
0173100017626000013
0174500001126002876
0175100007026000034
0175100007026000035
0179200001526000034
0187300010126000039
0190200000326005528
0190200000326005543
0190200000326005545
0190200000326005554
0190200000326005562
0190200000326005575
0190200000326005577
0190200000326005586
0190200000326005601
0190200000326005603
0190200000326005605
0190200000326005609
0194200000526003520
0194200000526003525
0194200000526003533
0194200000526003562
0242100000126000054
0301000000226000575
0301600006226000052
0303200071126000051
0303300076226000010
0303300076226000011
0306100005926000027
0311200029126000025
0311500001926000062
0311500001926000063
0318100057226000043
0318100057226000044
0318100057226000045
0318100073426000086
0318200028126000812
0318300167826000234
0318300445026000004
0319200066226000118
0319200068026000069
0319300001726000001
0319300010126000247
0324100001826000168
0324100001826000172
0324100003326000099
0324200033926000001
0328300034726000167
0330200000526000070
0330200012726000061
0330300011226000153
0330300184726000097
0335200007926000009
0340100000226000419
0340200003326006463
0340200003326006464
0340200003326006465
0340200003326006466
0340200003326006467
0340200003326006468
0340200003326006469
0340200003326006470
0340200003326006471
0340200003326006472
0340200003326006473
0340200003326006474
0340200003326006475
0340200003326006476
0340200003326006477
0340200003326006478
0340200003326006479
0340200003326006480
0342100011826000322
0346200000726000024
0348100015526000323
0348100015526000324
0348100015526000325
0348200005226000029
0350200014926000051
0352100001226000014
0352100002026000174
0356100001426000070
0356200004226000088
0356500001426004140
0356500001426004141
0358200041326000312
0358300000526000224
0358300077226000111
0360300001326000391
0360300001326000392
0360300011326000077
0362100030226000224
0362300231026000045
0366300042526000023
0366300042526000024
0368200000726000007
0368400000226000758
0368400000226000762
0369100040226000328
0372100001026000205
0372100030626000666
0372100030626000668
0372100030626000670
0372100030626000671
0372100034626000130
0372100034626000131
0372100048826000805
0372100048826000808
0372200044326000074
0372200082626000049
0372200125426000017
0372200131726000446
0372200131726000447
0372200175726000002
0372500006526000026
0372500015526000024
0373100031326000019
0373100031326000020
0373100032626000274
0373100032626000277
0373100032626000278
0373100032626000281
0373100032626000288
0373100034226000010
0373100094326000550
0373100094326000553
0373100094326000561
0373100094326000563
0373200014226000307
0373200015026000336
0373200015026000337
0373200018126000073
0373200027426000967
0373200053626000205
0373200068626000277
0373200081126000017
0373200564026000022
0373200638526000019
0375100001326000027
0375400000926000082
0387300023226000107
0387300023226000109
0573100024326000034
0744200000226003999
0744200000226004001
0804200000126000185
0815500000526006941
0815500000526006943
0815500000526006944
0817200000326007098
0817200000326007225
0818500004726000021
0825500000726001233
0825500000726001235
0825500000726001240
0825500000726001241
0826500000926001456
0829500001126003213
0831500000126000002
0843500000226002612
0843500000226002618
0845600007026000013
0853500000326003395
0855200000526001818
0855200000526001819
0855200000526001820
0855200000526001821
0855200000526001822
0855200000526001823
0855200000526001824
0855200000526001825
0855200000526001826
0860100002126000020
0860200000826004218
0860200000826004226
0864500000226001473
0864500000226001476
0873400003626000040
0873500002326000206
2100700000926000013
